ITERATION:0PARENT:0;TIME:361.4942548329709;FEASIBLE SOLUTION:31744357.195;UPPER BOUND:36018014.05194003;up_list:|2,0|;Down_list:|
ITERATION:1PARENT:0;TIME:26.70327029202599;FEASIBLE SOLUTION:31744357.195;UPPER BOUND:36018014.051940024;up_list:|2,0|1,7|;Down_list:|
ITERATION:2PARENT:0;TIME:12.844919209019281;FEASIBLE SOLUTION:None;UPPER BOUND:None;up_list:|2,0|;Down_list:|1,7|
