ITERATION:0;FEASIBLE SOLUTION:None;UPPER BOUND:1000000000000000;up_list:|0,0|;Down_list:|
ITERATION:1;FEASIBLE SOLUTION:6676632.436965853;UPPER BOUND:1000000000000000;up_list:|0,0|1,0|;Down_list:|
ITERATION:2;FEASIBLE SOLUTION:6676632.436965853;UPPER BOUND:1000000000000000;up_list:|0,0|;Down_list:|1,0|
