ITERATION:0;TIME:821.689533333003;FEASIBLE SOLUTION:15190284.165483898;UPPER BOUND:28413067.57287804;up_list:|0,0|1,0|2,0|;Down_list:|
ITERATION:1;TIME:687.8985840410169;FEASIBLE SOLUTION:14408301.870185243;UPPER BOUND:28419268.677942637;up_list:|0,0|1,0|2,0|0,18|;Down_list:|
ITERATION:2;TIME:66.95099308399949;FEASIBLE SOLUTION:14408301.870185243;UPPER BOUND:28419268.677942637;up_list:|0,0|1,0|2,0|;Down_list:|0,18|
